ASWN.2013	2013	1	2	1	14.7	28.1	17.2	-999	0	-999	-999	-999
ASWN.2013	2013	1	3	2	14.2	26.3	17	-999	0	-999	-999	-999
ASWN.2013	2013	1	4	3	13.9	25	16.1	-999	0	-999	-999	-999
ASWN.2013	2013	1	5	4	13.4	25.3	16.7	-999	0	-999	-999	-999
ASWN.2013	2013	1	6	5	13.2	25.2	16.7	-999	0	-999	-999	-999
ASWN.2013	2013	1	7	6	11.6	24.9	17	-999	0	-999	-999	-999
ASWN.2013	2013	1	8	7	12.7	25.5	16.4	-999	0	-999	-999	-999
ASWN.2013	2013	1	9	8	12.9	26.5	17.3	-999	0	-999	-999	-999
ASWN.2013	2013	1	10	9	15.2	25.8	17.5	-999	0	-999	-999	-999
ASWN.2013	2013	1	11	10	13.5	25	17.2	-999	0	-999	-999	-999
ASWN.2013	2013	1	12	11	11.4	22.9	17.5	-999	0	-999	-999	-999
ASWN.2013	2013	1	13	12	10.1	22.7	17.2	-999	0	-999	-999	-999
ASWN.2013	2013	1	14	13	10.3	23.2	17.2	-999	0	-999	-999	-999
ASWN.2013	2013	1	15	14	9.5	21.8	16	-999	0	-999	-999	-999
ASWN.2013	2013	1	16	15	7.1	23.1	11.5	-999	0	-999	-999	-999
ASWN.2013	2013	1	17	16	8.2	24.9	17.2	-999	0	-999	-999	-999
ASWN.2013	2013	1	18	17	11.6	26.7	18	-999	0	-999	-999	-999
ASWN.2013	2013	1	19	18	9.7	26.8	17.7	-999	0	-999	-999	-999
ASWN.2013	2013	1	20	19	10.6	24.6	17.4	-999	0	-999	-999	-999
ASWN.2013	2013	1	21	20	12	24.8	15.8	-999	0	-999	-999	-999
ASWN.2013	2013	1	22	21	13.9	25.5	17.9	-999	0	-999	-999	-999
ASWN.2013	2013	1	23	22	11.1	23.8	18.3	-999	0	-999	-999	-999
ASWN.2013	2013	1	24	23	11.3	25.8	12.8	-999	0	-999	-999	-999
ASWN.2013	2013	1	25	24	14	27.2	11.4	-999	0	-999	-999	-999
ASWN.2013	2013	1	26	25	12.7	26.1	17.4	-999	0	-999	-999	-999
ASWN.2013	2013	1	27	26	10.5	22.3	14.5	-999	0	-999	-999	-999
ASWN.2013	2013	1	28	27	11.9	24.9	19.3	-999	0	-999	-999	-999
ASWN.2013	2013	1	29	28	11.8	24.3	10.3	-999	0	-999	-999	-999
ASWN.2013	2013	1	30	29	11.2	20.8	19.1	-999	0	-999	-999	-999
ASWN.2013	2013	1	31	30	9.7	18.6	18.3	-999	0	-999	-999	-999
ASWN.2013	2013	2	1	31	9.4	21.9	19.2	-999	0	-999	-999	-999
ASWN.2013	2013	2	2	32	10.6	24.9	19.1	-999	0	-999	-999	-999
ASWN.2013	2013	2	3	33	11.8	26.6	19.3	-999	0	-999	-999	-999
ASWN.2013	2013	2	4	34	11.8	27.3	18.8	-999	0	-999	-999	-999
ASWN.2013	2013	2	5	35	13.1	29	18.9	-999	0	-999	-999	-999
ASWN.2013	2013	2	6	36	11.3	30.4	20	-999	0	-999	-999	-999
ASWN.2013	2013	2	7	37	11.8	28.8	19.9	-999	0	-999	-999	-999
ASWN.2013	2013	2	8	38	11.6	25.6	20	-999	0	-999	-999	-999
ASWN.2013	2013	2	9	39	13.9	26.9	19.1	-999	0	-999	-999	-999
ASWN.2013	2013	2	10	40	14.4	29.1	20.1	-999	0	-999	-999	-999
ASWN.2013	2013	2	11	41	14.4	28	20.8	-999	0	-999	-999	-999
ASWN.2013	2013	2	12	42	13.2	26.4	20.1	-999	0	-999	-999	-999
ASWN.2013	2013	2	13	43	12.7	25.7	20.7	-999	0	-999	-999	-999
ASWN.2013	2013	2	14	44	13.8	26	20.5	-999	0	-999	-999	-999
ASWN.2013	2013	2	15	45	11.2	20.8	20.3	-999	0	-999	-999	-999
ASWN.2013	2013	2	16	46	10.1	24.3	20.3	-999	0	-999	-999	-999
ASWN.2013	2013	2	17	47	11.4	26.9	20.7	-999	0	-999	-999	-999
ASWN.2013	2013	2	18	48	14	28.1	21.5	-999	0	-999	-999	-999
ASWN.2013	2013	2	19	49	9.2	20.6	21.8	-999	0	-999	-999	-999
ASWN.2013	2013	2	20	50	7.1	20.7	22.2	-999	0	-999	-999	-999
ASWN.2013	2013	2	21	51	9.7	24.8	21.5	-999	0	-999	-999	-999
ASWN.2013	2013	2	22	52	10.5	26.8	20.6	-999	0	-999	-999	-999
ASWN.2013	2013	2	23	53	10.3	28.9	22.2	-999	0	-999	-999	-999
ASWN.2013	2013	2	24	54	11	29.8	22.2	-999	0	-999	-999	-999
ASWN.2013	2013	2	25	55	14.3	25.2	22	-999	0	-999	-999	-999
ASWN.2013	2013	2	26	56	13.3	27.7	21.8	-999	0	-999	-999	-999
ASWN.2013	2013	2	27	57	12	27.8	23.4	-999	0	-999	-999	-999
ASWN.2013	2013	2	28	58	13.3	29.9	22.8	-999	0	-999	-999	-999
ASWN.2013	2013	3	1	59	14.6	33.4	22.4	-999	0	-999	-999	-999
ASWN.2013	2013	3	2	60	16.3	33.4	22.5	-999	0	-999	-999	-999
ASWN.2013	2013	3	3	61	15.5	30.7	22.7	-999	0	-999	-999	-999
ASWN.2013	2013	3	4	62	14.6	29.1	22.6	-999	0	-999	-999	-999
ASWN.2013	2013	3	5	63	17	30.6	23.4	-999	0	-999	-999	-999
ASWN.2013	2013	3	6	64	14.5	32.9	22.8	-999	0	-999	-999	-999
ASWN.2013	2013	3	7	65	16.5	36.2	22	-999	0	-999	-999	-999
ASWN.2013	2013	3	8	66	20	38.3	23.2	-999	0	-999	-999	-999
ASWN.2013	2013	3	9	67	23.4	41.3	23.7	-999	0	-999	-999	-999
ASWN.2013	2013	3	10	68	23.1	39.1	23.6	-999	0	-999	-999	-999
ASWN.2013	2013	3	11	69	21.1	38.4	24.1	-999	0	-999	-999	-999
ASWN.2013	2013	3	12	70	18.5	34	23.3	-999	0	-999	-999	-999
ASWN.2013	2013	3	13	71	15.5	33.1	20.1	-999	0	-999	-999	-999
ASWN.2013	2013	3	14	72	15	34.7	23.2	-999	0	-999	-999	-999
ASWN.2013	2013	3	15	73	15.8	29.4	24.3	-999	0	-999	-999	-999
ASWN.2013	2013	3	16	74	17.1	32.6	24.1	-999	0	-999	-999	-999
ASWN.2013	2013	3	17	75	14.7	33	23.1	-999	0	-999	-999	-999
ASWN.2013	2013	3	18	76	14.6	35	24.5	-999	0	-999	-999	-999
ASWN.2013	2013	3	19	77	14.4	36.8	25.1	-999	0	-999	-999	-999
ASWN.2013	2013	3	20	78	16.6	37.3	24.9	-999	0	-999	-999	-999
ASWN.2013	2013	3	21	79	23.5	39.7	25.1	-999	0	-999	-999	-999
ASWN.2013	2013	3	22	80	20.8	41.5	24.6	-999	0	-999	-999	-999
ASWN.2013	2013	3	23	81	24.3	43.6	25.6	-999	0	-999	-999	-999
ASWN.2013	2013	3	24	82	24.7	44.6	25.3	-999	0	-999	-999	-999
ASWN.2013	2013	3	25	83	26.1	45.4	25.2	-999	0	-999	-999	-999
ASWN.2013	2013	3	26	84	26.3	46.1	25.8	-999	0	-999	-999	-999
ASWN.2013	2013	3	27	85	22.1	41	26	-999	0	-999	-999	-999
ASWN.2013	2013	3	28	86	18.6	31.9	26.5	-999	0	-999	-999	-999
ASWN.2013	2013	3	29	87	16.2	33	26.2	-999	0	-999	-999	-999
ASWN.2013	2013	3	30	88	17.6	38.2	26.1	-999	0	-999	-999	-999
ASWN.2013	2013	3	31	89	19.2	34.3	25.6	-999	0	-999	-999	-999
ASWN.2013	2013	4	1	90	17.8	31.1	25.2	-999	0	-999	-999	-999
ASWN.2013	2013	4	2	91	16.9	31.5	25.2	-999	0	-999	-999	-999
ASWN.2013	2013	4	3	92	16.1	33.1	25.1	-999	0	-999	-999	-999
ASWN.2013	2013	4	4	93	15.6	36	26.8	-999	0	-999	-999	-999
ASWN.2013	2013	4	5	94	17.3	38.5	26.1	-999	0	-999	-999	-999
ASWN.2013	2013	4	6	95	17.5	33	27.1	-999	0	-999	-999	-999
ASWN.2013	2013	4	7	96	17.8	39.3	26.5	-999	0	-999	-999	-999
ASWN.2013	2013	4	8	97	21.4	38.5	20.9	-999	0	-999	-999	-999
ASWN.2013	2013	4	9	98	17.4	33.3	26.5	-999	0	-999	-999	-999
ASWN.2013	2013	4	10	99	16.8	33.3	25.9	-999	0	-999	-999	-999
ASWN.2013	2013	4	11	100	16.7	36.4	26.3	-999	0	-999	-999	-999
ASWN.2013	2013	4	12	101	22.5	37.6	26.8	-999	0	-999	-999	-999
ASWN.2013	2013	4	13	102	19.4	38	27.2	-999	0	-999	-999	-999
ASWN.2013	2013	4	14	103	18.8	39.2	27	-999	0	-999	-999	-999
ASWN.2013	2013	4	15	104	19.7	43.4	27.2	-999	0	-999	-999	-999
ASWN.2013	2013	4	16	105	22.4	47.3	26.5	-999	0	-999	-999	-999
ASWN.2013	2013	4	17	106	26.2	45.3	26.3	-999	0	-999	-999	-999
ASWN.2013	2013	4	18	107	21	37.6	26.5	-999	0	-999	-999	-999
ASWN.2013	2013	4	19	108	18	36.6	26.6	-999	0	-999	-999	-999
ASWN.2013	2013	4	20	109	17.3	44.8	27	-999	0	-999	-999	-999
ASWN.2013	2013	4	21	110	22.8	43	26.8	-999	0	-999	-999	-999
ASWN.2013	2013	4	22	111	20.2	41.1	26.1	-999	0	-999	-999	-999
ASWN.2013	2013	4	23	112	22.7	46.4	26.4	-999	0	-999	-999	-999
ASWN.2013	2013	4	24	113	27.6	48.3	26.5	-999	0	-999	-999	-999
ASWN.2013	2013	4	25	114	27.9	50.1	26.7	-999	0	-999	-999	-999
ASWN.2013	2013	4	26	115	27	44.8	27	-999	0	-999	-999	-999
ASWN.2013	2013	4	27	116	23.4	41.8	27.7	-999	0	-999	-999	-999
ASWN.2013	2013	4	28	117	20.9	38.1	27.2	-999	0	-999	-999	-999
ASWN.2013	2013	4	29	118	19.1	36.3	27.5	-999	0	-999	-999	-999
ASWN.2013	2013	4	30	119	20.5	38.9	28	-999	0	-999	-999	-999
ASWN.2013	2013	5	1	120	19.6	34.5	27.8	-999	0	-999	-999	-999
ASWN.2013	2013	5	2	121	18.7	35.9	27.9	-999	0	-999	-999	-999
ASWN.2013	2013	5	3	122	18.6	37.1	27.6	-999	0	-999	-999	-999
ASWN.2013	2013	5	4	123	19.5	38.7	27.9	-999	0	-999	-999	-999
ASWN.2013	2013	5	5	124	20.8	39.9	27.5	-999	0	-999	-999	-999
ASWN.2013	2013	5	6	125	23.6	43	28.3	-999	0	-999	-999	-999
ASWN.2013	2013	5	7	126	26.3	46.3	28	-999	0	-999	-999	-999
ASWN.2013	2013	5	8	127	22	40.1	27.6	-999	0	-999	-999	-999
ASWN.2013	2013	5	9	128	20.7	38.6	27.5	-999	0	-999	-999	-999
ASWN.2013	2013	5	10	129	22.1	38.9	26.8	-999	0	-999	-999	-999
ASWN.2013	2013	5	11	130	20.2	36.5	27.6	-999	0	-999	-999	-999
ASWN.2013	2013	5	12	131	19.4	38	27.5	-999	0	-999	-999	-999
ASWN.2013	2013	5	13	132	20.6	42.6	27.7	-999	0	-999	-999	-999
ASWN.2013	2013	5	14	133	28.7	45.8	28	-999	0	-999	-999	-999
ASWN.2013	2013	5	15	134	24.3	43.3	28.7	-999	0	-999	-999	-999
ASWN.2013	2013	5	16	135	26.6	48.1	28.3	-999	0	-999	-999	-999
ASWN.2013	2013	5	17	136	24.7	36.8	27.9	-999	0	-999	-999	-999
ASWN.2013	2013	5	18	137	20.7	38.6	27.8	-999	0	-999	-999	-999
ASWN.2013	2013	5	19	138	20.8	37.8	27	-999	0	-999	-999	-999
ASWN.2013	2013	5	20	139	20.3	40.1	27.8	-999	0	-999	-999	-999
ASWN.2013	2013	5	21	140	21.8	42.4	28.9	-999	0	-999	-999	-999
ASWN.2013	2013	5	22	141	22.8	45.3	28.7	-999	0	-999	-999	-999
ASWN.2013	2013	5	23	142	26	46.2	28.7	-999	0	-999	-999	-999
ASWN.2013	2013	5	24	143	27.8	46.5	28.5	-999	0	-999	-999	-999
ASWN.2013	2013	5	25	144	25	43.8	28	-999	0	-999	-999	-999
ASWN.2013	2013	5	26	145	24.5	44.3	28.7	-999	0	-999	-999	-999
ASWN.2013	2013	5	27	146	25.2	43.1	29.3	-999	0	-999	-999	-999
ASWN.2013	2013	5	28	147	23	41.1	28.7	-999	0	-999	-999	-999
ASWN.2013	2013	5	29	148	23.1	42	28.8	-999	0	-999	-999	-999
ASWN.2013	2013	5	30	149	22.5	41.9	28.9	-999	0	-999	-999	-999
ASWN.2013	2013	5	31	150	22.4	43	29.1	-999	0	-999	-999	-999
ASWN.2013	2013	6	1	151	23.2	45.7	29.5	-999	0	-999	-999	-999
ASWN.2013	2013	6	2	152	25.1	45.9	29.4	-999	0	-999	-999	-999
ASWN.2013	2013	6	3	153	25.1	46.2	28.1	-999	0	-999	-999	-999
ASWN.2013	2013	6	4	154	27.4	46.7	28.6	-999	0	-999	-999	-999
ASWN.2013	2013	6	5	155	25.4	45.2	29.2	-999	0	-999	-999	-999
ASWN.2013	2013	6	6	156	26.8	50.5	30	-999	0	-999	-999	-999
ASWN.2013	2013	6	7	157	31.3	50.5	29.7	-999	0	-999	-999	-999
ASWN.2013	2013	6	8	158	27.1	45.4	29.5	-999	0	-999	-999	-999
ASWN.2013	2013	6	9	159	25.6	46	30.1	-999	0	-999	-999	-999
ASWN.2013	2013	6	10	160	29.1	51.3	30.1	-999	0	-999	-999	-999
ASWN.2013	2013	6	11	161	31.7	49.1	29.6	-999	0	-999	-999	-999
ASWN.2013	2013	6	12	162	26.9	45.1	29.4	-999	0	-999	-999	-999
ASWN.2013	2013	6	13	163	25.1	43.9	28.6	-999	0	-999	-999	-999
ASWN.2013	2013	6	14	164	24.9	45	29.5	-999	0	-999	-999	-999
ASWN.2013	2013	6	15	165	24.5	45.2	28.6	-999	0	-999	-999	-999
ASWN.2013	2013	6	16	166	24.4	47.5	29	-999	0	-999	-999	-999
ASWN.2013	2013	6	17	167	27.7	47.3	29.3	-999	0	-999	-999	-999
ASWN.2013	2013	6	18	168	24.2	44	29.6	-999	0	-999	-999	-999
ASWN.2013	2013	6	19	169	24.3	44.2	29.1	-999	0	-999	-999	-999
ASWN.2013	2013	6	20	170	24.3	46.6	29.1	-999	0	-999	-999	-999
ASWN.2013	2013	6	21	171	26.2	47.3	28.4	-999	0	-999	-999	-999
ASWN.2013	2013	6	22	172	27.4	48.6	29.1	-999	0	-999	-999	-999
ASWN.2013	2013	6	23	173	28.6	50.7	29.4	-999	0	-999	-999	-999
ASWN.2013	2013	6	24	174	27.8	46.4	29.5	-999	0	-999	-999	-999
ASWN.2013	2013	6	25	175	25.9	46.3	30.1	-999	0	-999	-999	-999
ASWN.2013	2013	6	26	176	28.1	47.3	29.4	-999	0	-999	-999	-999
ASWN.2013	2013	6	27	177	27.6	46.7	29.3	-999	0	-999	-999	-999
ASWN.2013	2013	6	28	178	28.2	47.5	29.4	-999	0	-999	-999	-999
ASWN.2013	2013	6	29	179	29.6	46.4	28.8	-999	0	-999	-999	-999
ASWN.2013	2013	6	30	180	29.1	47.4	28.9	-999	0	-999	-999	-999
ASWN.2013	2013	7	1	181	27.8	48.2	28.9	-999	0	-999	-999	-999
ASWN.2013	2013	7	2	182	25.6	47.4	29.4	-999	0	-999	-999	-999
ASWN.2013	2013	7	3	183	26.6	46.4	28.8	-999	0	-999	-999	-999
ASWN.2013	2013	7	4	184	26.4	46.5	28.6	-999	0	-999	-999	-999
ASWN.2013	2013	7	5	185	26.8	44.7	28.2	-999	0	-999	-999	-999
ASWN.2013	2013	7	6	186	26.1	45.4	28.6	-999	0	-999	-999	-999
ASWN.2013	2013	7	7	187	27.4	46.7	28.2	-999	0	-999	-999	-999
ASWN.2013	2013	7	8	188	27.6	46.2	28	-999	0	-999	-999	-999
ASWN.2013	2013	7	9	189	26.4	46.7	28.2	-999	0	-999	-999	-999
ASWN.2013	2013	7	10	190	28.4	48.2	28.1	-999	0	-999	-999	-999
ASWN.2013	2013	7	11	191	27.5	48.2	28.8	-999	0	-999	-999	-999
ASWN.2013	2013	7	12	192	29.1	49.5	28.8	-999	0	-999	-999	-999
ASWN.2013	2013	7	13	193	29.6	49.1	28.3	-999	0	-999	-999	-999
ASWN.2013	2013	7	14	194	27.2	46	27.8	-999	0	-999	-999	-999
ASWN.2013	2013	7	15	195	26.6	46.5	27.9	-999	0	-999	-999	-999
ASWN.2013	2013	7	16	196	27.3	46.5	28.1	-999	0	-999	-999	-999
ASWN.2013	2013	7	17	197	27	47.1	27.9	-999	0	-999	-999	-999
ASWN.2013	2013	7	18	198	27.4	48.4	28.2	-999	0	-999	-999	-999
ASWN.2013	2013	7	19	199	27.4	46.1	28.2	-999	0	-999	-999	-999
ASWN.2013	2013	7	20	200	25.2	44.1	28.3	-999	0	-999	-999	-999
ASWN.2013	2013	7	21	201	26.8	45.9	29.1	-999	0	-999	-999	-999
ASWN.2013	2013	7	22	202	26.9	46.4	28.4	-999	0	-999	-999	-999
ASWN.2013	2013	7	23	203	27.1	46.8	28.9	-999	0	-999	-999	-999
ASWN.2013	2013	7	24	204	28	47.9	28.2	-999	0	-999	-999	-999
ASWN.2013	2013	7	25	205	28.3	48	28.7	-999	0	-999	-999	-999
ASWN.2013	2013	7	26	206	29.1	46.8	28.6	-999	0	-999	-999	-999
ASWN.2013	2013	7	27	207	26.1	43.2	28.1	-999	0	-999	-999	-999
ASWN.2013	2013	7	28	208	26.5	41.9	28.5	-999	0	-999	-999	-999
ASWN.2013	2013	7	29	209	25.8	42.9	28.4	-999	0	-999	-999	-999
ASWN.2013	2013	7	30	210	27.1	45	28	-999	0	-999	-999	-999
ASWN.2013	2013	7	31	211	27.9	45.9	27.6	-999	0	-999	-999	-999
ASWN.2013	2013	8	1	212	27	45.6	27.3	-999	0	-999	-999	-999
ASWN.2013	2013	8	2	213	27	46.3	27.3	-999	0	-999	-999	-999
ASWN.2013	2013	8	3	214	28.6	48.4	27.5	-999	0	-999	-999	-999
ASWN.2013	2013	8	4	215	29.1	48.9	26.5	-999	0	-999	-999	-999
ASWN.2013	2013	8	5	216	27.5	46.6	27.2	-999	0	-999	-999	-999
ASWN.2013	2013	8	6	217	26.6	44.1	27.2	-999	0	-999	-999	-999
ASWN.2013	2013	8	7	218	25.6	44.8	27.3	-999	0	-999	-999	-999
ASWN.2013	2013	8	8	219	27.2	44.8	27	-999	0	-999	-999	-999
ASWN.2013	2013	8	9	220	26.8	46.6	26.1	-999	0	-999	-999	-999
ASWN.2013	2013	8	10	221	28.1	47.6	25.9	-999	0	-999	-999	-999
ASWN.2013	2013	8	11	222	29.4	47.4	26.5	-999	0	-999	-999	-999
ASWN.2013	2013	8	12	223	27.6	46.2	27.3	-999	0	-999	-999	-999
ASWN.2013	2013	8	13	224	27.7	47.4	27.4	-999	0	-999	-999	-999
ASWN.2013	2013	8	14	225	28.9	46.8	26.8	-999	0	-999	-999	-999
ASWN.2013	2013	8	15	226	27	44.4	26.7	-999	0	-999	-999	-999
ASWN.2013	2013	8	16	227	26.6	45.3	26.8	-999	0	-999	-999	-999
ASWN.2013	2013	8	17	228	28.3	47.3	26.6	-999	0	-999	-999	-999
ASWN.2013	2013	8	18	229	30.8	48	26.6	-999	0	-999	-999	-999
ASWN.2013	2013	8	19	230	29.3	47.7	26.6	-999	0	-999	-999	-999
ASWN.2013	2013	8	20	231	27.7	47.6	26.5	-999	0	-999	-999	-999
ASWN.2013	2013	8	21	232	28.6	48	26.7	-999	0	-999	-999	-999
ASWN.2013	2013	8	22	233	28.6	47.6	26.4	-999	0	-999	-999	-999
ASWN.2013	2013	8	23	234	28.7	47.5	26.2	-999	0	-999	-999	-999
ASWN.2013	2013	8	24	235	28.8	48.5	26.5	-999	0	-999	-999	-999
ASWN.2013	2013	8	25	236	27.9	47.1	25.7	-999	0	-999	-999	-999
ASWN.2013	2013	8	26	237	29.1	46.6	26.7	-999	0	-999	-999	-999
ASWN.2013	2013	8	27	238	31.4	48.9	26.6	-999	0	-999	-999	-999
ASWN.2013	2013	8	28	239	30.1	49.5	26.6	-999	0	-999	-999	-999
ASWN.2013	2013	8	29	240	30.1	48.2	26.5	-999	0	-999	-999	-999
ASWN.2013	2013	8	30	241	29.8	48	26.2	-999	0	-999	-999	-999
ASWN.2013	2013	8	31	242	29.4	48	26.5	-999	0	-999	-999	-999
ASWN.2013	2013	9	1	243	28.6	47.2	25.9	-999	0	-999	-999	-999
ASWN.2013	2013	9	2	244	27.1	45.3	25.1	-999	0	-999	-999	-999
ASWN.2013	2013	9	3	245	26.7	43.7	25.8	-999	0	-999	-999	-999
ASWN.2013	2013	9	4	246	26.5	43.5	26.5	-999	0	-999	-999	-999
ASWN.2013	2013	9	5	247	25.8	43.4	25.7	-999	0	-999	-999	-999
ASWN.2013	2013	9	6	248	25.8	44.4	25.8	-999	0	-999	-999	-999
ASWN.2013	2013	9	7	249	26.7	45.2	25.9	-999	0	-999	-999	-999
ASWN.2013	2013	9	8	250	26.6	45.6	25.2	-999	0	-999	-999	-999
ASWN.2013	2013	9	9	251	26.3	45.8	24.8	-999	0	-999	-999	-999
ASWN.2013	2013	9	10	252	27	44.7	24.7	-999	0	-999	-999	-999
ASWN.2013	2013	9	11	253	26.1	45.4	25.1	-999	0	-999	-999	-999
ASWN.2013	2013	9	12	254	27.2	46.6	24.3	-999	0	-999	-999	-999
ASWN.2013	2013	9	13	255	28.7	45	24.5	-999	0	-999	-999	-999
ASWN.2013	2013	9	14	256	26.8	44.2	24.2	-999	0	-999	-999	-999
ASWN.2013	2013	9	15	257	28.1	46.7	23.7	-999	0	-999	-999	-999
ASWN.2013	2013	9	16	258	29	46.6	24.1	-999	0	-999	-999	-999
ASWN.2013	2013	9	17	259	27	46.1	24.4	-999	0	-999	-999	-999
ASWN.2013	2013	9	18	260	26.6	46.1	24.5	-999	0	-999	-999	-999
ASWN.2013	2013	9	19	261	27.1	47.6	23.9	-999	0	-999	-999	-999
ASWN.2013	2013	9	20	262	27.9	43.3	24	-999	0	-999	-999	-999
ASWN.2013	2013	9	21	263	25.4	39.8	23.8	-999	0	-999	-999	-999
ASWN.2013	2013	9	22	264	25.3	41.2	23.5	-999	0	-999	-999	-999
ASWN.2013	2013	9	23	265	27.6	44	23.7	-999	0	-999	-999	-999
ASWN.2013	2013	9	24	266	30.2	46.8	23.4	-999	0	-999	-999	-999
ASWN.2013	2013	9	25	267	27.3	42	24.1	-999	0	-999	-999	-999
ASWN.2013	2013	9	26	268	25	41.4	23.7	-999	0	-999	-999	-999
ASWN.2013	2013	9	27	269	27.7	46.9	23.7	-999	0	-999	-999	-999
ASWN.2013	2013	9	28	270	27.4	43.5	23.3	-999	0	-999	-999	-999
ASWN.2013	2013	9	29	271	26.1	40.8	23.5	-999	0	-999	-999	-999
ASWN.2013	2013	9	30	272	25	40.7	23.6	-999	0	-999	-999	-999
ASWN.2013	2013	10	1	273	26.8	46.5	23.6	-999	0	-999	-999	-999
ASWN.2013	2013	10	2	274	26.1	39.2	23.1	-999	0	-999	-999	-999
ASWN.2013	2013	10	3	275	24.1	39.7	22.8	-999	0	-999	-999	-999
ASWN.2013	2013	10	4	276	23.8	39.8	22.8	-999	0	-999	-999	-999
ASWN.2013	2013	10	5	277	23.9	42	23.1	-999	0	-999	-999	-999
ASWN.2013	2013	10	6	278	25.3	45.4	22.7	-999	0	-999	-999	-999
ASWN.2013	2013	10	7	279	27	45.7	22.5	-999	0	-999	-999	-999
ASWN.2013	2013	10	8	280	26	42.5	22.3	-999	0	-999	-999	-999
ASWN.2013	2013	10	9	281	25.4	39.8	22.2	-999	0	-999	-999	-999
ASWN.2013	2013	10	10	282	23.7	39.4	22.2	-999	0	-999	-999	-999
ASWN.2013	2013	10	11	283	23.5	38	22.6	-999	0	-999	-999	-999
ASWN.2013	2013	10	12	284	22.3	37	22.3	-999	0	-999	-999	-999
ASWN.2013	2013	10	13	285	22.7	36.3	21.4	-999	0	-999	-999	-999
ASWN.2013	2013	10	14	286	22.7	35.3	21.5	-999	0	-999	-999	-999
ASWN.2013	2013	10	15	287	22.4	37.7	21.3	-999	0	-999	-999	-999
ASWN.2013	2013	10	16	288	24.1	36.1	21.7	-999	0	-999	-999	-999
ASWN.2013	2013	10	17	289	22.8	37.2	21.5	-999	0	-999	-999	-999
ASWN.2013	2013	10	18	290	21.7	36.1	20.7	-999	0	-999	-999	-999
ASWN.2013	2013	10	19	291	21.7	36.9	19	-999	0	-999	-999	-999
ASWN.2013	2013	10	20	292	21.7	37.3	19.4	-999	0	-999	-999	-999
ASWN.2013	2013	10	21	293	21.5	37.3	20.2	-999	0	-999	-999	-999
ASWN.2013	2013	10	22	294	21.9	37	20.6	-999	0	-999	-999	-999
ASWN.2013	2013	10	23	295	21.7	35.6	20.6	-999	0	-999	-999	-999
ASWN.2013	2013	10	24	296	22.1	34	20.3	-999	0	-999	-999	-999
ASWN.2013	2013	10	25	297	21.6	34.6	20.1	-999	0	-999	-999	-999
ASWN.2013	2013	10	26	298	21.2	33.3	20.4	-999	0	-999	-999	-999
ASWN.2013	2013	10	27	299	21.2	35.1	20.4	-999	0	-999	-999	-999
ASWN.2013	2013	10	28	300	21.6	32.9	18.6	-999	0	-999	-999	-999
ASWN.2013	2013	10	29	301	20.9	33.1	20.2	-999	0	-999	-999	-999
ASWN.2013	2013	10	30	302	20.5	32.5	19.7	-999	0	-999	-999	-999
ASWN.2013	2013	10	31	303	20.3	33.5	19.6	-999	0	-999	-999	-999
ASWN.2013	2013	11	1	304	19.8	34.6	19.9	-999	0	-999	-999	-999
ASWN.2013	2013	11	2	305	20.5	35.9	19.1	-999	0	-999	-999	-999
ASWN.2013	2013	11	3	306	21.6	37	19.6	-999	0	-999	-999	-999
ASWN.2013	2013	11	4	307	21.6	36	19.2	-999	0	-999	-999	-999
ASWN.2013	2013	11	5	308	20.1	35.4	19.3	-999	0	-999	-999	-999
ASWN.2013	2013	11	6	309	21	35	19.2	-999	0	-999	-999	-999
ASWN.2013	2013	11	7	310	21.2	36.4	18.8	-999	0	-999	-999	-999
ASWN.2013	2013	11	8	311	20.1	35.8	18.6	-999	0	-999	-999	-999
ASWN.2013	2013	11	9	312	19.6	35.7	18.8	-999	0	-999	-999	-999
ASWN.2013	2013	11	10	313	21.2	35.6	18.7	-999	0	-999	-999	-999
ASWN.2013	2013	11	11	314	19.4	33	18.6	-999	0	-999	-999	-999
ASWN.2013	2013	11	12	315	20.5	33.9	18.6	-999	0	-999	-999	-999
ASWN.2013	2013	11	13	316	20	33.8	18.3	-999	0	-999	-999	-999
ASWN.2013	2013	11	14	317	19.9	32	18.3	-999	0	-999	-999	-999
ASWN.2013	2013	11	15	318	19.4	31.8	18.4	-999	0	-999	-999	-999
ASWN.2013	2013	11	16	319	18.1	30.7	15.2	-999	0	-999	-999	-999
ASWN.2013	2013	11	17	320	17	31.9	17.5	-999	0	-999	-999	-999
ASWN.2013	2013	11	18	321	19.2	32.6	17.3	-999	0	-999	-999	-999
ASWN.2013	2013	11	19	322	18.8	33	17.5	-999	0	-999	-999	-999
ASWN.2013	2013	11	20	323	19.9	32.7	17.1	-999	0	-999	-999	-999
ASWN.2013	2013	11	21	324	22.2	35.8	13.5	-999	0	-999	-999	-999
ASWN.2013	2013	11	22	325	20.3	32.9	17.1	-999	0	-999	-999	-999
ASWN.2013	2013	11	23	326	18.5	31.1	16.9	-999	0	-999	-999	-999
ASWN.2013	2013	11	24	327	18.1	30.5	17	-999	0	-999	-999	-999
ASWN.2013	2013	11	25	328	17.8	32.3	16.7	-999	0	-999	-999	-999
ASWN.2013	2013	11	26	329	18.8	32.6	16.6	-999	0	-999	-999	-999
ASWN.2013	2013	11	27	330	21.8	36.7	15.3	-999	0	-999	-999	-999
ASWN.2013	2013	11	28	331	21.2	36.2	16.5	-999	0	-999	-999	-999
ASWN.2013	2013	11	29	332	20.3	34.3	15.9	-999	0	-999	-999	-999
ASWN.2013	2013	11	30	333	18.2	31.3	15.9	-999	0	-999	-999	-999
ASWN.2013	2013	12	1	334	17.9	31.9	17	-999	0	-999	-999	-999
ASWN.2013	2013	12	2	335	20.1	36	16.6	-999	0	-999	-999	-999
ASWN.2013	2013	12	3	336	19.6	34.1	16.1	-999	0	-999	-999	-999
ASWN.2013	2013	12	4	337	17.4	32.6	15.8	-999	0	-999	-999	-999
ASWN.2013	2013	12	5	338	17.7	35.2	16	-999	0	-999	-999	-999
ASWN.2013	2013	12	6	339	21.4	35.8	16.1	-999	0	-999	-999	-999
ASWN.2013	2013	12	7	340	20.9	34.4	16.1	-999	0	-999	-999	-999
ASWN.2013	2013	12	8	341	18.2	30.2	16.2	-999	0	-999	-999	-999
ASWN.2013	2013	12	9	342	19.5	33.5	16.6	-999	0	-999	-999	-999
ASWN.2013	2013	12	10	343	17.7	28.6	16.5	-999	0	-999	-999	-999
ASWN.2013	2013	12	11	344	17.6	28.4	14	-999	0	-999	-999	-999
ASWN.2013	2013	12	12	345	16.2	27.7	16.5	-999	0	-999	-999	-999
ASWN.2013	2013	12	13	346	15.3	29.5	16	-999	0	-999	-999	-999
ASWN.2013	2013	12	14	347	16.8	30.7	16.5	-999	0	-999	-999	-999
ASWN.2013	2013	12	15	348	14.8	27.6	16.3	-999	0	-999	-999	-999
ASWN.2013	2013	12	16	349	16.3	29.4	16.8	-999	0	-999	-999	-999
ASWN.2013	2013	12	17	350	16.7	30.2	16.6	-999	0	-999	-999	-999
ASWN.2013	2013	12	18	351	15.5	29.1	16.7	-999	0	-999	-999	-999
ASWN.2013	2013	12	19	352	15.3	29.7	16.3	-999	0	-999	-999	-999
ASWN.2013	2013	12	20	353	15.3	32.8	16.1	-999	0	-999	-999	-999
ASWN.2013	2013	12	21	354	18.8	32	16.3	-999	0	-999	-999	-999
ASWN.2013	2013	12	22	355	17.3	29.9	16.6	-999	0	-999	-999	-999
ASWN.2013	2013	12	23	356	16.5	27.6	16.6	-999	0	-999	-999	-999
ASWN.2013	2013	12	24	357	14.2	24.2	16	-999	0	-999	-999	-999
ASWN.2013	2013	12	25	358	12.5	22.4	16.1	-999	0	-999	-999	-999
ASWN.2013	2013	12	26	359	12	23.1	16.1	-999	0	-999	-999	-999
ASWN.2013	2013	12	27	360	12.8	23.1	16.4	-999	0	-999	-999	-999
ASWN.2013	2013	12	28	361	12.9	23.7	16.8	-999	0	-999	-999	-999
ASWN.2013	2013	12	29	362	11.9	25.1	16.3	-999	0	-999	-999	-999
ASWN.2013	2013	12	30	363	12.8	25.7	16.5	-999	0	-999	-999	-999
ASWN.2013	2013	12	31	364	13.2	25.7	16.3	-999	0	-999	-999	-999
ASWN.2013	2013	1	1	365	14.4	25.4	16.5	-999	0	-999	-999	-999
